# Matter power spectrum P(k) at redshift z=2
# for k=2.05309e-07 to 10.3022 h/Mpc,
# number of wavenumbers equal to 139
#    1:k (h/Mpc)              2:P (Mpc/h)^3        
       2.053093945455e-07       2.248533200543e-01 
       2.584692140734e-07       2.804783243569e-01 
       3.253934617635e-07       3.498640373997e-01 
       4.096460978458e-07       4.364146317152e-01 
       5.157138824204e-07       5.443764155406e-01 
       6.492453117940e-07       6.790461634563e-01 
       8.173514215057e-07       8.470309840889e-01 
       1.028984474900e-06       1.056572474516e+00 
       1.295414703793e-06       1.317951064219e+00 
       1.630830489417e-06       1.643990386723e+00 
       2.053093945455e-06       2.050686420244e+00 
       2.584692140734e-06       2.557992263855e+00 
       3.253934617635e-06       3.190797044322e+00 
       4.096460978458e-06       3.980146968117e+00 
       5.157138824204e-06       4.964768403091e+00 
       6.492453117940e-06       6.192967669862e+00 
       8.173514215057e-06       7.725000659648e+00 
       1.028984474900e-05       9.636028354226e+00 
       1.295414703793e-05       1.201980291566e+01 
       1.630830489417e-05       1.499326447053e+01 
       2.053093945455e-05       1.870227277596e+01 
       2.584692140734e-05       2.332875225194e+01 
       3.253934617635e-05       2.909959558284e+01 
       4.096460978458e-05       3.629775216008e+01 
       5.157138824204e-05       4.527602459390e+01 
       6.492453117940e-05       5.647420900310e+01 
       8.173514215057e-05       7.044033930818e+01 
       1.028984474900e-04       8.785691885322e+01 
       1.295414703793e-04       1.095731156158e+02 
       1.630830489417e-04       1.366438961166e+02 
       2.053093945455e-04       1.703768536769e+02 
       2.584692140734e-04       2.123868201075e+02 
       3.253934617635e-04       2.646568535721e+02 
       4.096460978458e-04       3.296013311973e+02 
       5.157138824204e-04       4.101221554905e+02 
       6.492453117940e-04       5.096428267574e+02 
       8.173514215057e-04       6.320998651471e+02 
       1.028984474900e-03       7.818711309959e+02 
       1.295414703793e-03       9.636205247158e+02 
       1.630830489417e-03       1.181997877903e+03 
       2.053093945455e-03       1.441030832872e+03 
       2.584692140734e-03       1.743105141474e+03 
       3.253934617635e-03       2.087672450563e+03 
       4.096460978458e-03       2.469626151115e+03 
       5.157138824204e-03       2.877327477209e+03 
       6.492453117940e-03       3.289067163459e+03 
       8.173514215057e-03       3.676787835635e+03 
       1.028984474900e-02       3.997452434944e+03 
       1.295414703793e-02       4.198065297992e+03 
       1.630830489416e-02       4.219055988095e+03 
       2.053093941354e-02       4.008162376978e+03 
       2.584687706458e-02       3.551180444235e+03 
       3.253117825316e-02       2.917426982672e+03 
       4.061496584765e-02       2.295455295314e+03 
       4.797361561231e-02       1.927859371991e+03 
       5.324381431306e-02       1.758253328735e+03 
       5.749949641486e-02       1.657268516152e+03 
       6.125730060939e-02       1.582267113212e+03 
       6.473980857910e-02       1.516880086232e+03 
       6.806157065714e-02       1.453449965897e+03 
       7.128991090705e-02       1.388214654870e+03 
       7.446839472932e-02       1.319614328842e+03 
       7.762736478013e-02       1.247542116333e+03 
       8.078923983564e-02       1.172910847758e+03 
       8.397141943864e-02       1.097323763205e+03 
       8.718798658592e-02       1.022775947353e+03 
       9.045076070119e-02       9.513716864961e+02 
       9.376997775536e-02       8.850657478934e+02 
       9.715474555731e-02       8.254463236833e+02 
       1.006133576853e-01       7.735736036477e+02 
       1.041535152874e-01       7.298789636053e+02 
       1.077824869231e-01       6.941217346916e+02 
       1.115072255682e-01       6.653975563587e+02 
       1.153344552752e-01       6.421976311301e+02 
       1.192707358774e-01       6.225309195457e+02 
       1.233225115259e-01       6.041288642957e+02 
       1.274961471695e-01       5.847453066796e+02 
       1.317979559804e-01       5.625312811154e+02 
       1.362342199983e-01       5.364151817470e+02 
       1.408112057779e-01       5.063744426132e+02 
       1.455351765006e-01       4.734815449693e+02 
       1.504124017957e-01       4.396642465247e+02 
       1.554491663794e-01       4.072236949900e+02 
       1.606517785293e-01       3.782504058409e+02 
       1.660265793575e-01       3.541106493240e+02 
       1.715799538086e-01       3.351310903343e+02 
       1.773183442903e-01       3.205347604683e+02 
       1.832482678257e-01       3.086381847642e+02 
       1.893763376099e-01       2.973077360539e+02 
       1.957092898465e-01       2.846238787177e+02 
       2.022540167416e-01       2.695666608372e+02 
       2.090176065435e-01       2.524058623959e+02 
       2.160073915472e-01       2.345350508978e+02 
       2.232310050343e-01       2.177832747289e+02 
       2.306964482141e-01       2.035578050342e+02 
       2.384121683687e-01       1.922466405407e+02 
       2.463871496178e-01       1.831279852893e+02 
       2.546310180093e-01       1.748018398174e+02 
       2.631541630521e-01       1.659633046351e+02 
       2.719678783549e-01       1.561266615218e+02 
       2.810845247684e-01       1.458241037499e+02 
       2.905177204020e-01       1.361119244487e+02 
       3.002825631698e-01       1.277627694749e+02 
       3.103958932225e-01       1.207563470309e+02 
       3.208766048872e-01       1.144070655792e+02 
       3.317460207671e-01       1.079875793225e+02 
       3.430283447643e-01       1.013232965891e+02 
       3.547512164064e-01       9.482492672749e+01 
       3.669463966569e-01       8.896225107436e+01 
       3.796506263612e-01       8.376648359789e+01 
       3.929067141538e-01       7.887751717534e+01 
       4.067649334360e-01       7.401670196740e+01 
       4.212848417491e-01       6.927602564414e+01 
       4.365376867652e-01       6.487876709427e+01 
       4.526096416534e-01       6.081604368773e+01 
       4.696062366802e-01       5.690578405296e+01 
       4.876585553086e-01       5.310514085713e+01 
       5.069320997329e-01       4.950580457583e+01 
       5.276398125774e-01       4.609013038921e+01 
       5.500617851707e-01       4.277655268905e+01 
       5.745761361164e-01       3.957682889161e+01 
       6.017093798671e-01       3.648126414128e+01 
       6.322225620544e-01       3.344277560229e+01 
       6.672669960495e-01       3.044609351453e+01 
       7.086849052647e-01       2.744418449417e+01 
       7.596352061199e-01       2.438674901744e+01 
       8.260030606929e-01       2.119690441941e+01 
       9.197369910671e-01       1.777554129071e+01 
       1.065673894895e+00       1.406954755642e+01 
       1.300995404832e+00       1.039022541993e+01 
       1.632885548044e+00       7.485971657270e+00 
       2.055556138587e+00       5.449911004080e+00 
       2.587791217911e+00       4.001769527029e+00 
       3.257836124150e+00       2.942777193228e+00 
       4.101372684154e+00       2.151287751068e+00 
       5.163322295320e+00       1.552572647502e+00 
       6.500237646861e+00       1.099563992153e+00 
       8.183314356335e+00       7.607605809544e-01 
       1.030218239589e+01       5.128037980527e-01 
