# Matter power spectrum P(k) at redshift z=0
# for k=2.05205e-07 to 10.2973 h/Mpc,
# number of wavenumbers equal to 139
#    1:k (h/Mpc)              2:P (Mpc/h)^3        
       2.052051938195e-07       1.230207602158e+00 
       2.583380331316e-07       1.534540681189e+00 
       3.252283147423e-07       1.914160746024e+00 
       4.094381900640e-07       2.387692554978e+00 
       5.154521420306e-07       2.978368323863e+00 
       6.489158001660e-07       3.715167534116e+00 
       8.169365909438e-07       4.634238710190e+00 
       1.028462234164e-06       5.780672919700e+00 
       1.294757241659e-06       7.210716005357e+00 
       1.630002793629e-06       8.994528081836e+00 
       2.052051938195e-06       1.121962567352e+01 
       2.583380331316e-06       1.399517536163e+01 
       3.252283147423e-06       1.745734956318e+01 
       4.094381900640e-06       2.177600715766e+01 
       5.154521420306e-06       2.716302662128e+01 
       6.489158001660e-06       3.388270031007e+01 
       8.169365909438e-06       4.226469945615e+01 
       1.028462234164e-05       5.272024519481e+01 
       1.294757241659e-05       6.576227745872e+01 
       1.630002793629e-05       8.203060825249e+01 
       2.052051938195e-05       1.023232873793e+02 
       2.583380331316e-05       1.276357076992e+02 
       3.252283147423e-05       1.592093451965e+02 
       4.094381900640e-05       1.985924791738e+02 
       5.154521420306e-05       2.477157810989e+02 
       6.489158001661e-05       3.089863023865e+02 
       8.169365909438e-05       3.854041229592e+02 
       1.028462234164e-04       4.807067007456e+02 
       1.294757241659e-04       5.995466803014e+02 
       1.630002793629e-04       7.477093447479e+02 
       2.052051938195e-04       9.323755944176e+02 
       2.583380331316e-04       1.162434583290e+03 
       3.252283147423e-04       1.448845953281e+03 
       4.094381900640e-04       1.805044117094e+03 
       5.154521420306e-04       2.247366432243e+03 
       6.489158001660e-04       2.795474369920e+03 
       8.169365909438e-04       3.472714985117e+03 
       1.028462234164e-03       4.306302747726e+03 
       1.294757241659e-03       5.327055231327e+03 
       1.630002793629e-03       6.568331606703e+03 
       2.052051938195e-03       8.063835011765e+03 
       2.583380331316e-03       9.843646932642e+03 
       3.252283147423e-03       1.192794912593e+04 
       4.094381900640e-03       1.431804165830e+04 
       5.154521420306e-03       1.689648620723e+04 
       6.489158001661e-03       1.971910405764e+04 
       8.169365909438e-03       2.258010891617e+04 
       1.028462234164e-02       2.524744365522e+04 
       1.294757241659e-02       2.739362969470e+04 
       1.630002793577e-02       2.861175182016e+04 
       2.052051781677e-02       2.849711034831e+04 
       2.583313930478e-02       2.684466624371e+04 
       3.246577308956e-02       2.396469318163e+04 
       3.973183709373e-02       2.108280050730e+04 
       4.522693524455e-02       1.941115130744e+04 
       4.937694463592e-02       1.841076676288e+04 
       5.290742854649e-02       1.768023932011e+04 
       5.611244857093e-02       1.706976293215e+04 
       5.913110326696e-02       1.651017468306e+04 
       6.204035897513e-02       1.596483415704e+04 
       6.488786371739e-02       1.541387514647e+04 
       6.770568373217e-02       1.484796387298e+04 
       7.051685979050e-02       1.426531912380e+04 
       7.333886032709e-02       1.366989582116e+04 
       7.618554317407e-02       1.306992121580e+04 
       7.906833859996e-02       1.247646312165e+04 
       8.199699791861e-02       1.190194052568e+04 
       8.498008622071e-02       1.135860755572e+04 
       8.802531740094e-02       1.085710033643e+04 
       9.113978815595e-02       1.040515491691e+04 
       9.433014505540e-02       1.000659046502e+04 
       9.760270595400e-02       9.660635626185e+03 
       1.009635494349e-01       9.361670262896e+03 
       1.044185813546e-01       9.099470305857e+03 
       1.079735846651e-01       8.860074192027e+03 
       1.116342568344e-01       8.627379992507e+03 
       1.154062379776e-01       8.385485784419e+03 
       1.192951320120e-01       8.121553950065e+03 
       1.233065226184e-01       7.828651995490e+03 
       1.274459854382e-01       7.507743250450e+03 
       1.317190976992e-01       7.167988959466e+03 
       1.361314463112e-01       6.824918753263e+03 
       1.406886353734e-01       6.496738837968e+03 
       1.453962939706e-01       6.199735854626e+03 
       1.502600850991e-01       5.944042557102e+03 
       1.552857165357e-01       5.730870930249e+03 
       1.604789544500e-01       5.551935756302e+03 
       1.658456405482e-01       5.391453805084e+03 
       1.713917135296e-01       5.230715127552e+03 
       1.771232356349e-01       5.054386420281e+03 
       1.830464250732e-01       4.856400185178e+03 
       1.891676951260e-01       4.642485621091e+03 
       1.954937007699e-01       4.427445865149e+03 
       2.020313937172e-01       4.228120596988e+03 
       2.087880868787e-01       4.055540000888e+03 
       2.157715294077e-01       3.910114283020e+03 
       2.229899937018e-01       3.782044504888e+03 
       2.304523760542e-01       3.656882972118e+03 
       2.381683130627e-01       3.523747834482e+03 
       2.461483164756e-01       3.381482713981e+03 
       2.544039299025e-01       3.238346165347e+03 
       2.629479118174e-01       3.105227646775e+03 
       2.717944505965e-01       2.987582813211e+03 
       2.809594190810e-01       2.882139632807e+03 
       2.904606784872e-01       2.780537947715e+03 
       3.003184446279e-01       2.676736836414e+03 
       3.105557336811e-01       2.571692322696e+03 
       3.211989106364e-01       2.470991373039e+03 
       3.322783717703e-01       2.378287944352e+03 
       3.438294041702e-01       2.291779775429e+03 
       3.558932821278e-01       2.207181988158e+03 
       3.685186848700e-01       2.123029775064e+03 
       3.817635569180e-01       2.041490378924e+03 
       3.956975885656e-01       1.964223865804e+03 
       4.104055816951e-01       1.889902789594e+03 
       4.259921066047e-01       1.816790817027e+03 
       4.425880867884e-01       1.745245631678e+03 
       4.603603415176e-01       1.675852191040e+03 
       4.795258075550e-01       1.607695891132e+03 
       5.003734276565e-01       1.540112751311e+03 
       5.232991197314e-01       1.473046124303e+03 
       5.488641339925e-01       1.405685601529e+03 
       5.778975673576e-01       1.337190542151e+03 
       6.116876784979e-01       1.266417215646e+03 
       6.523650597437e-01       1.191536344298e+03 
       7.037329390573e-01       1.109649424271e+03 
       7.732006925085e-01       1.015808396566e+03 
       8.762533690934e-01       9.016672548007e+02 
       1.042472710483e+00       7.576021370925e+02 
       1.297030932011e+00       5.934153388908e+02 
       1.632026989547e+00       4.403756893951e+02 
       2.054590552470e+00       3.121421894021e+02 
       2.586576237247e+00       2.125676692051e+02 
       3.256306554608e+00       1.401751534109e+02 
       4.099447070188e+00       9.018530080227e+01 
       5.160898090965e+00       5.696814421562e+01 
       6.497185754396e+00       3.550647881712e+01 
       8.179472251356e+00       2.191657475403e+01 
       1.029734547230e+01       1.343393716665e+01 
