# Matter power spectrum P(k) at redshift z=2
# for k=2.08936e-07 to 10.4843 h/Mpc,
# number of wavenumbers equal to 139
#    1:k (h/Mpc)              2:P (Mpc/h)^3        
       2.089358499766e-07       2.431395588343e-01 
       2.630346509704e-07       3.022216860628e-01 
       3.311410062890e-07       3.756605792821e-01 
       4.168818277043e-07       4.669448860667e-01 
       5.248231266122e-07       5.804109842040e-01 
       6.607131707893e-07       7.214489768731e-01 
       8.317886006138e-07       8.967587446080e-01 
       1.047159806553e-06       1.114668216534e+00 
       1.318296090680e-06       1.385528980195e+00 
       1.659636448825e-06       1.722208022782e+00 
       2.089358499766e-06       2.140698961819e+00 
       2.630346509704e-06       2.660881801067e+00 
       3.311410062890e-06       3.307467299672e+00 
       4.168818277043e-06       4.111170808171e+00 
       5.248231266122e-06       5.110171323007e+00 
       6.607131707893e-06       6.351925045455e+00 
       8.317886006138e-06       7.895419552714e+00 
       1.047159806553e-05       9.813975559826e+00 
       1.318296090680e-05       1.219872920567e+01 
       1.659636448825e-05       1.516295989191e+01 
       2.089358499766e-05       1.884746858829e+01 
       2.630346509704e-05       2.342726067281e+01 
       3.311410062890e-05       2.911984801034e+01 
       4.168818277043e-05       3.619555923489e+01 
       5.248231266122e-05       4.499033732261e+01 
       6.607131707893e-05       5.592161140658e+01 
       8.317886006138e-05       6.950795557098e+01 
       1.047159806553e-04       8.639338779541e+01 
       1.318296090680e-04       1.073773057352e+02 
       1.659636448825e-04       1.334511753070e+02 
       2.089358499766e-04       1.658431256518e+02 
       2.630346509704e-04       2.060714490463e+02 
       3.311410062890e-04       2.560074648707e+02 
       4.168818277043e-04       3.179469903995e+02 
       5.248231266122e-04       3.946874409569e+02 
       6.607131707893e-04       4.896042686379e+02 
       8.317886006138e-04       6.067167232104e+02 
       1.047159806553e-03       7.507299846146e+02 
       1.318296090680e-03       9.270351625094e+02 
       1.659636448825e-03       1.141618595266e+03 
       2.089358499766e-03       1.400774416943e+03 
       2.630346509704e-03       1.710525183171e+03 
       3.311410062890e-03       2.075664283134e+03 
       4.168818277043e-03       2.495772953955e+03 
       5.248231266122e-03       2.971887981410e+03 
       6.607131707893e-03       3.491426812173e+03 
       8.317886006138e-03       4.031458627683e+03 
       1.047159806553e-02       4.552153130336e+03 
       1.318296090680e-02       4.992297388491e+03 
       1.659636448779e-02       5.269037520828e+03 
       2.089358356519e-02       5.290994370477e+03 
       2.630284016256e-02       4.998643711125e+03 
       3.305915736868e-02       4.437577619365e+03 
       4.049453549527e-02       3.856195672872e+03 
       4.614145587450e-02       3.520640960993e+03 
       5.039656647606e-02       3.327086077027e+03 
       5.401139755949e-02       3.191729823492e+03 
       5.729050768159e-02       3.082879755650e+03 
       6.037754487205e-02       2.985587255889e+03 
       6.335182599393e-02       2.891606601710e+03 
       6.626237954768e-02       2.796127534148e+03 
       6.914216240877e-02       2.696506243898e+03 
       7.201483314769e-02       2.591690953914e+03 
       7.489831459047e-02       2.481898855234e+03 
       7.780681556897e-02       2.368370653263e+03 
       8.075204911893e-02       2.253127047427e+03 
       8.374400280529e-02       2.138700591619e+03 
       8.679144545952e-02       2.027840627064e+03 
       8.990227156820e-02       1.923207864703e+03 
       9.308374171632e-02       1.827080132417e+03 
       9.634265420615e-02       1.741093821483e+03 
       9.968546974330e-02       1.666041587225e+03 
       1.031184032749e-01       1.601741546593e+03 
       1.066474923074e-01       1.546992989189e+03 
       1.102786480523e-01       1.499637319553e+03 
       1.140176938398e-01       1.456748366687e+03 
       1.178703939962e-01       1.414973683091e+03 
       1.218424755599e-01       1.371026350213e+03 
       1.259396446642e-01       1.322277507864e+03 
       1.301675990527e-01       1.267334404101e+03 
       1.345320379485e-01       1.206437704475e+03 
       1.390386703446e-01       1.141513444097e+03 
       1.436932226778e-01       1.075794806744e+03 
       1.485014467839e-01       1.013066183602e+03 
       1.534691289945e-01       9.567197207865e+02 
       1.586021012056e-01       9.088790563644e+02 
       1.639062547373e-01       8.698186690317e+02 
       1.693875577893e-01       8.378318332420e+02 
       1.750520772902e-01       8.096323924475e+02 
       1.809060059395e-01       7.812977144858e+02 
       1.869556952409e-01       7.495869777755e+02 
       1.932076953488e-01       7.131955930165e+02 
       1.996688025818e-01       6.733283904468e+02 
       2.063461155239e-01       6.331689886868e+02 
       2.132471007372e-01       5.963990895496e+02 
       2.203796692656e-01       5.654824212155e+02 
       2.277522653356e-01       5.405473739961e+02 
       2.353739689731e-01       5.193906644388e+02 
       2.432546146856e-01       4.986650241516e+02 
       2.514049289351e-01       4.757755240524e+02 
       2.598366898926e-01       4.504216776584e+02 
       2.685629139782e-01       4.246470515364e+02 
       2.775980750325e-01       4.012343152604e+02 
       2.869583637381e-01       3.816305206345e+02 
       2.966619972885e-01       3.649708642337e+02 
       3.067295924895e-01       3.489309801793e+02 
       3.171846198296e-01       3.317757454311e+02 
       3.280539620403e-01       3.138337658925e+02 
       3.393686090295e-01       2.969017980457e+02 
       3.511645329225e-01       2.821793344831e+02 
       3.634838040170e-01       2.690170585296e+02 
       3.763760334835e-01       2.558778231569e+02 
       3.899002660317e-01       2.423151001184e+02 
       4.041275027956e-01       2.293329528175e+02 
       4.191441236911e-01       2.176380135127e+02 
       4.350566209296e-01       2.065551691325e+02 
       4.519982897818e-01       1.953549645869e+02 
       4.701389207236e-01       1.844829712626e+02 
       4.896992371855e-01       1.743116300030e+02 
       5.109731043683e-01       1.642853534854e+02 
       5.343629874850e-01       1.543399271807e+02 
       5.604390807988e-01       1.446974312773e+02 
       5.900430862915e-01       1.349918279876e+02 
       6.244816868793e-01       1.252488144750e+02 
       6.659135764443e-01       1.152067984566e+02 
       7.181870567644e-01       1.046426559078e+02 
       7.887888315544e-01       9.313024344180e+01 
       8.933570693914e-01       8.012106674559e+01 
       1.061903580265e+00       6.541813108348e+01 
       1.320629000706e+00       5.091254224033e+01 
       1.661665318187e+00       3.901508565414e+01 
       2.091901923171e+00       2.955091867711e+01 
       2.633548467067e+00       2.196343473158e+01 
       3.315441088377e+00       1.592015236567e+01 
       4.173893037464e+00       1.120413709392e+01 
       5.254620010974e+00       7.636487699178e+00 
       6.615174661137e+00       5.041010792396e+00 
       8.328011484362e+00       3.231928953287e+00 
       1.048434528738e+01       2.021235300861e+00 
