# Matter power spectrum P(k) at redshift z=2
# for k=1.72855e-07 to 10.9212 h/Mpc,
# number of wavenumbers equal to 140
#    1:k (h/Mpc)              2:P (Mpc/h)^3        
       1.728546265440e-07       6.184451674095e-01 
       2.176110819024e-07       7.669220063324e-01 
       2.739561208950e-07       9.510452899317e-01 
       3.448903223112e-07       1.179373046469e+00 
       4.341911910395e-07       1.462517921772e+00 
       5.466143239768e-07       1.813640453810e+00 
       6.881466629051e-07       2.249060771319e+00 
       8.663253209726e-07       2.789017148884e+00 
       1.090638961453e-06       3.458606674364e+00 
       1.373033103666e-06       4.288951748348e+00 
       1.728546265440e-06       5.318646629719e+00 
       2.176110819024e-06       6.595551251235e+00 
       2.739561208950e-06       8.179015669793e+00 
       3.448903223112e-06       1.014263849188e+01 
       4.341911910395e-06       1.257768743019e+01 
       5.466143239768e-06       1.559734082809e+01 
       6.881466629051e-06       1.934194700194e+01 
       8.663253209726e-06       2.398554535442e+01 
       1.090638961453e-05       2.974395118813e+01 
       1.373033103666e-05       3.688477798626e+01 
       1.728546265440e-05       4.573985870332e+01 
       2.176110819024e-05       5.672063529043e+01 
       2.739561208950e-05       7.033721555319e+01 
       3.448903223112e-05       8.722195153526e+01 
       4.341911910395e-05       1.081585731065e+02 
       5.466143239768e-05       1.341181094685e+02 
       6.881466629051e-05       1.663030297726e+02 
       8.663253209726e-05       2.062011905237e+02 
       1.090638961453e-04       2.556511951633e+02 
       1.373033103666e-04       3.169204642562e+02 
       1.728546265440e-04       3.927963275771e+02 
       2.176110819024e-04       4.866881566092e+02 
       2.739561208950e-04       6.027339753062e+02 
       3.448903223112e-04       7.458968796397e+02 
       4.341911910395e-04       9.220243115146e+02 
       5.466143239768e-04       1.137829128249e+03 
       6.881466629051e-04       1.400744564639e+03 
       8.663253209726e-04       1.718617118783e+03 
       1.090638961453e-03       2.099206179342e+03 
       1.373033103666e-03       2.549334771476e+03 
       1.728546265440e-03       3.073300242806e+03 
       2.176110819024e-03       3.670501197532e+03 
       2.739561208950e-03       4.332821625479e+03 
       3.448903223112e-03       5.041693488878e+03 
       4.341911910395e-03       5.764793080610e+03 
       5.466143239768e-03       6.453543140430e+03 
       6.881466629051e-03       7.041623509327e+03 
       8.663253209726e-03       7.445075210641e+03 
       1.090638961453e-02       7.565621182231e+03 
       1.373033103666e-02       7.302212380106e+03 
       1.728546264256e-02       6.582089808748e+03 
       2.176109145457e-02       5.425247058932e+03 
       2.739177616453e-02       4.029366553925e+03 
       3.429113905173e-02       2.796642035397e+03 
       4.093573382596e-02       2.141656392520e+03 
       4.569598613804e-02       1.902658862769e+03 
       4.947559058787e-02       1.794028926448e+03 
       5.278325617252e-02       1.728677165739e+03 
       5.583312394218e-02       1.675428696167e+03 
       5.873304646688e-02       1.619963305797e+03 
       6.154544479455e-02       1.555211840973e+03 
       6.431025397061e-02       1.478283172180e+03 
       6.705504115781e-02       1.389192388063e+03 
       6.980002633654e-02       1.290111613434e+03 
       7.256080618247e-02       1.184733084945e+03 
       7.534993784041e-02       1.077623856097e+03 
       7.817791195842e-02       9.735746608439e+02 
       8.105377781392e-02       8.770013319460e+02 
       8.398555994147e-02       7.914702251851e+02 
       8.698054435599e-02       7.193984275968e+02 
       9.004548017046e-02       6.619367011374e+02 
       9.318672454188e-02       6.189930859623e+02 
       9.641034857461e-02       5.893273196626e+02 
       9.972221565103e-02       5.706559610785e+02 
       1.031280398651e-01       5.597622762007e+02 
       1.066334298365e-01       5.526772193187e+02 
       1.102439216355e-01       5.450422637906e+02 
       1.139650035363e-01       5.327296332757e+02 
       1.178021346425e-01       5.126660986867e+02 
       1.217607589835e-01       4.836318569283e+02 
       1.258463163809e-01       4.466967088393e+02 
       1.300642511884e-01       4.050190420480e+02 
       1.344200198809e-01       3.629870985680e+02 
       1.389190983848e-01       3.249988504915e+02 
       1.435669899911e-01       2.943418636920e+02 
       1.483692346606e-01       2.725197174477e+02 
       1.533314205093e-01       2.590763375380e+02 
       1.584591982501e-01       2.517754996883e+02 
       1.637582993566e-01       2.470754820458e+02 
       1.692345587105e-01       2.410180790557e+02 
       1.748939424948e-01       2.305411100764e+02 
       1.807425821011e-01       2.147430057747e+02 
       1.867868148456e-01       1.952851829014e+02 
       1.930332323281e-01       1.755009932556e+02 
       1.994887373481e-01       1.587012427554e+02 
       2.061606104016e-01       1.466993221691e+02 
       2.130565869604e-01       1.392199502959e+02 
       2.201849469774e-01       1.342215635647e+02 
       2.275546183998e-01       1.289582242212e+02 
       2.351752969328e-01       1.214837117792e+02 
       2.430575849081e-01       1.117827186857e+02 
       2.512131529245e-01       1.015798543842e+02 
       2.596549290045e-01       9.290904887383e+01 
       2.683973214324e-01       8.665188027337e+01 
       2.774564833307e-01       8.210061071314e+01 
       2.868506295640e-01       7.769931169260e+01 
       2.966004199816e-01       7.238944020811e+01 
       3.067294276869e-01       6.644431877190e+01 
       3.172647174970e-01       6.096098317472e+01 
       3.282375688502e-01       5.660550630453e+01 
       3.396843903816e-01       5.300710939182e+01 
       3.516478921867e-01       4.935805392616e+01 
       3.641786095378e-01       4.542819239734e+01 
       3.773369135952e-01       4.169838555641e+01 
       3.911957089087e-01       3.851623548233e+01 
       4.058441187069e-01       3.561509360184e+01 
       4.213926225992e-01       3.267310847856e+01 
       4.379803836873e-01       2.983587411727e+01 
       4.557859705649e-01       2.727862851222e+01 
       4.750435156424e-01       2.483516528537e+01 
       4.960679063909e-01       2.244389256530e+01 
       5.192956393341e-01       2.020181715967e+01 
       5.453542097834e-01       1.802806174256e+01 
       5.751865665571e-01       1.591754072876e+01 
       6.102891138912e-01       1.385110901888e+01 
       6.532018813671e-01       1.179896759107e+01 
       7.086014263164e-01       9.724525226234e+00 
       7.858833830123e-01       7.591143881249e+00 
       9.047100954984e-01       5.402872880580e+00 
       1.097241942895e+00       3.372201112373e+00 
       1.375048173513e+00       1.928601890841e+00 
       1.730888387811e+00       1.082749458049e+00 
       2.179058123712e+00       6.035320712522e-01 
       2.743271644440e+00       3.343088805078e-01 
       3.453574384640e+00       1.841217498160e-01 
       4.347792554344e+00       1.008741420119e-01 
       5.473546531874e+00       5.499899563668e-02 
       6.890786821614e+00       2.985323555271e-02 
       8.674986636986e+00       1.613726970226e-02 
       1.092116112428e+01       8.689398599743e-03 
