# Matter power spectrum P(k) at redshift z=2
# for k=2.0386e-07 to 10.2278 h/Mpc,
# number of wavenumbers equal to 139
#    1:k (h/Mpc)              2:P (Mpc/h)^3        
       2.038603496422e-07       2.731626573674e-01 
       2.566449746218e-07       3.396341318941e-01 
       3.230968803607e-07       4.222807926093e-01 
       4.067548731575e-07       5.250387137868e-01 
       5.120740461891e-07       6.528017745068e-01 
       6.446630294677e-07       8.116547315617e-01 
       8.115826698411e-07       1.009163007270e+00 
       1.021722046835e-06       1.254732994486e+00 
       1.286271848551e-06       1.560060037476e+00 
       1.619320316616e-06       1.939685424155e+00 
       2.038603496422e-06       2.411688912670e+00 
       2.566449746218e-06       2.998549773643e+00 
       3.230968803607e-06       3.728217350474e+00 
       4.067548731575e-06       4.635442108611e+00 
       5.120740461891e-06       5.763430545795e+00 
       6.446630294677e-06       7.165902734847e+00 
       8.115826698411e-06       8.909650404746e+00 
       1.021722046835e-05       1.107771721734e+01 
       1.286271848551e-05       1.377335236376e+01 
       1.619320316616e-05       1.712492512264e+01 
       2.038603496422e-05       2.129203311448e+01 
       2.566449746218e-05       2.647309262604e+01 
       3.230968803607e-05       3.291476741635e+01 
       4.067548731575e-05       4.092367513961e+01 
       5.120740461891e-05       5.088090936533e+01 
       6.446630294677e-05       6.326003029269e+01 
       8.115826698411e-05       7.864930569537e+01 
       1.021722046835e-04       9.777911347295e+01 
       1.286271848551e-04       1.215555227571e+02 
       1.619320316616e-04       1.511010940090e+02 
       2.038603496422e-04       1.878037673907e+02 
       2.566449746218e-04       2.333741354701e+02 
       3.230968803607e-04       2.899100723544e+02 
       4.067548731575e-04       3.599651226724e+02 
       5.120740461891e-04       4.466127716164e+02 
       6.446630294677e-04       5.534929223262e+02 
       8.115826698411e-04       6.848216477618e+02 
       1.021722046835e-03       8.453440219170e+02 
       1.286271848551e-03       1.040207227934e+03 
       1.619320316616e-03       1.274691688848e+03 
       2.038603496422e-03       1.553645635605e+03 
       2.566449746218e-03       1.880517645287e+03 
       3.230968803607e-03       2.256072055294e+03 
       4.067548731575e-03       2.676686540700e+03 
       5.120740461891e-03       3.132249392026e+03 
       6.446630294677e-03       3.600594574333e+03 
       8.115826698411e-03       4.057324446357e+03 
       1.021722046835e-02       4.458155767290e+03 
       1.286271848551e-02       4.749279286506e+03 
       1.619320316607e-02       4.869680307605e+03 
       2.038603457172e-02       4.764825217973e+03 
       2.566425922803e-02       4.415043929610e+03 
       3.228226635329e-02       3.875710616272e+03 
       3.990465396560e-02       3.323485771713e+03 
       4.604237512298e-02       2.980885295774e+03 
       5.055429604939e-02       2.777680959566e+03 
       5.432160076993e-02       2.628679320056e+03 
       5.770752310753e-02       2.504004378135e+03 
       6.087765455198e-02       2.391142060086e+03 
       6.392115830425e-02       2.284087596365e+03 
       6.689215907760e-02       2.179920784920e+03 
       6.982654098595e-02       2.077451409722e+03 
       7.274978114787e-02       1.976560827309e+03 
       7.568100373750e-02       1.877809596822e+03 
       7.863525187700e-02       1.782156022850e+03 
       8.162484290112e-02       1.690725693213e+03 
       8.466021841008e-02       1.604613398898e+03 
       8.775049972495e-02       1.524714649217e+03 
       9.090386330323e-02       1.451590428546e+03 
       9.412780165111e-02       1.385372467699e+03 
       9.742930886149e-02       1.325715382489e+03 
       1.008150150160e-01       1.271802567259e+03 
       1.042912849594e-01       1.222411370174e+03 
       1.078642916637e-01       1.176041172648e+03 
       1.115400711014e-01       1.131101424770e+03 
       1.153245634426e-01       1.086143238195e+03 
       1.192236440236e-01       1.040101466524e+03 
       1.232431466314e-01       9.924964938772e+02 
       1.273888810528e-01       9.435380480795e+02 
       1.316666464331e-01       8.940856800168e+02 
       1.360822417301e-01       8.454534157191e+02 
       1.406414743696e-01       7.990931147866e+02 
       1.453501681001e-01       7.562309285391e+02 
       1.502141709696e-01       7.175520270778e+02 
       1.552393643053e-01       6.830197792456e+02 
       1.604316735467e-01       6.518868262717e+02 
       1.657970817673e-01       6.229117626225e+02 
       1.713416467041e-01       5.947408413979e+02 
       1.770715221126e-01       5.663484311102e+02 
       1.829929842535e-01       5.373775117047e+02 
       1.891124643297e-01       5.082262264972e+02 
       1.954365876983e-01       4.798203898322e+02 
       2.019722207238e-01       4.531624997503e+02 
       2.087265261903e-01       4.288671530308e+02 
       2.157070282948e-01       4.069041450099e+02 
       2.229216883861e-01       3.866689561353e+02 
       2.303789928331e-01       3.673397569009e+02 
       2.380880547039e-01       3.483263999262e+02 
       2.460587313542e-01       3.295501527612e+02 
       2.543017605769e-01       3.113834742642e+02 
       2.628289187050e-01       2.943063735205e+02 
       2.716532050414e-01       2.785373690686e+02 
       2.807890582823e-01       2.639047645564e+02 
       2.902526123183e-01       2.500274820965e+02 
       3.000620010866e-01       2.366292573421e+02 
       3.102377252211e-01       2.237098449406e+02 
       3.208030974253e-01       2.114418569467e+02 
       3.317847892309e-01       1.999307559448e+02 
       3.432135098011e-01       1.890961549941e+02 
       3.551248587342e-01       1.787741153862e+02 
       3.675604110509e-01       1.688853054831e+02 
       3.805691162574e-01       1.594605222529e+02 
       3.942091286648e-01       1.505245084887e+02 
       4.085502397706e-01       1.420242249159e+02 
       4.236771668196e-01       1.338893082983e+02 
       4.396940843505e-01       1.260977045472e+02 
       4.567310027419e-01       1.186406774848e+02 
       4.749529643870e-01       1.114780027746e+02 
       4.945736685890e-01       1.045663229614e+02 
       5.158762994308e-01       9.787672473039e+01 
       5.392465383980e-01       9.136805886035e+01 
       5.652271481703e-01       8.499026463942e+01 
       5.946128166827e-01       7.868788057861e+01 
       6.286248944153e-01       7.238654255478e+01 
       6.692561912276e-01       6.598634503518e+01 
       7.200062677876e-01       5.934319647752e+01 
       7.875732967055e-01       5.224321758729e+01 
       8.858317675150e-01       4.440352076918e+01 
       1.042569671767e+00       3.571641228616e+01 
       1.289023078500e+00       2.717523899885e+01 
       1.621017566945e+00       2.037571274828e+01 
       2.040712324674e+00       1.525529488100e+01 
       2.569104520087e+00       1.133147906850e+01 
       3.234310965859e+00       8.292424953512e+00 
       4.071756264564e+00       5.944749754829e+00 
       5.126037432092e+00       4.157414399546e+00 
       6.453298785069e+00       2.828587231526e+00 
       8.124221830423e+00       1.869960872954e+00 
       1.022778931337e+01       1.201903281724e+00 
