# Matter power spectrum P(k) at redshift z=1
# for k=2.18902e-07 to 10.9823 h/Mpc,
# number of wavenumbers equal to 139
#    1:k (h/Mpc)              2:P (Mpc/h)^3        
       2.189018713905e-07       3.135208749231e-01 
       2.755811285828e-07       3.910807705325e-01 
       3.469360857838e-07       4.878277054239e-01 
       4.367666546616e-07       6.085082367101e-01 
       5.498566405778e-07       7.590431411457e-01 
       6.922284976671e-07       9.468178977588e-01 
       8.714640464813e-07       1.181045030530e+00 
       1.097108233580e-06       1.473216088565e+00 
       1.381177434743e-06       1.837665437883e+00 
       1.738799370794e-06       2.292273524545e+00 
       2.189018713905e-06       2.859344111193e+00 
       2.755811285828e-06       3.566698521056e+00 
       3.469360857838e-06       4.449040570096e+00 
       4.367666546616e-06       5.549659139397e+00 
       5.498566405778e-06       6.922551892785e+00 
       6.922284976672e-06       8.635074285742e+00 
       8.714640464813e-06       1.077124372956e+01 
       1.097108233580e-05       1.343586082847e+01 
       1.381177434743e-05       1.675964949472e+01 
       1.738799370794e-05       2.090566738462e+01 
       2.189018713905e-05       2.607729964659e+01 
       2.755811285828e-05       3.252822524521e+01 
       3.469360857838e-05       4.057483898080e+01 
       4.367666546616e-05       5.061172716511e+01 
       5.498566405778e-05       6.313093352477e+01 
       6.922284976672e-05       7.874591585728e+01 
       8.714640464813e-05       9.822128085371e+01 
       1.097108233580e-04       1.225095835267e+02 
       1.381177434743e-04       1.527966601000e+02 
       1.738799370794e-04       1.905570664782e+02 
       2.189018713905e-04       2.376210939576e+02 
       2.755811285828e-04       2.962543052603e+02 
       3.469360857838e-04       3.692492189789e+02 
       4.367666546616e-04       4.600262149977e+02 
       5.498566405778e-04       5.727366537992e+02 
       6.922284976672e-04       7.123561265574e+02 
       8.714640464813e-04       8.847512641578e+02 
       1.097108233580e-03       1.096697986525e+03 
       1.381177434743e-03       1.355804106363e+03 
       1.738799370794e-03       1.670219613390e+03 
       2.189018713905e-03       2.047982149963e+03 
       2.755811285828e-03       2.495929465507e+03 
       3.469360857838e-03       3.018033483023e+03 
       4.367666546616e-03       3.613074582564e+03 
       5.498566405778e-03       4.271426860353e+03 
       6.922284976672e-03       4.971078129686e+03 
       8.714640464813e-03       5.673156228335e+03 
       1.097108233580e-02       6.317308222937e+03 
       1.381177434743e-02       6.818773486811e+03 
       1.738799370787e-02       7.071711694867e+03 
       2.189018679584e-02       6.969115208451e+03 
       2.755789321744e-02       6.454123705651e+03 
       3.466721322725e-02       5.604264030419e+03 
       4.290442309288e-02       4.727648177995e+03 
       4.960767628339e-02       4.211357610871e+03 
       5.451805078198e-02       3.933668674831e+03 
       5.860618622902e-02       3.746292599647e+03 
       6.227480470232e-02       3.597097033179e+03 
       6.570651157340e-02       3.463584004297e+03 
       6.899923076922e-02       3.334295951196e+03 
       7.221223113381e-02       3.203133326964e+03 
       7.538472029650e-02       3.067208270102e+03 
       7.854448592237e-02       2.925859020380e+03 
       8.171235609394e-02       2.780074816466e+03 
       8.490469386627e-02       2.632055738552e+03 
       8.813488297028e-02       2.484801312219e+03 
       9.141425846818e-02       2.341696915448e+03 
       9.475271422802e-02       2.206103515623e+03 
       9.815911313493e-02       2.080973677304e+03 
       1.016415719785e-01       1.968520694112e+03 
       1.052076639191e-01       1.869963409361e+03 
       1.088645650836e-01       1.785361692099e+03 
       1.126191622618e-01       1.713553422507e+03 
       1.164781328774e-01       1.652206697097e+03 
       1.204480047939e-01       1.598009635826e+03 
       1.245352012116e-01       1.547023323459e+03 
       1.287460744168e-01       1.495208088367e+03 
       1.330869311577e-01       1.439086161626e+03 
       1.375640517656e-01       1.376431535801e+03 
       1.421837047047e-01       1.306809473000e+03 
       1.469521579438e-01       1.231768218513e+03 
       1.518756883535e-01       1.154552639960e+03 
       1.569605902060e-01       1.079354187292e+03 
       1.622131837805e-01       1.010277541725e+03 
       1.676398250253e-01       9.503050987291e+02 
       1.732469171970e-01       9.005327743523e+02 
       1.790409253797e-01       8.598651973681e+02 
       1.850283947720e-01       8.252683973841e+02 
       1.912159736216e-01       7.926019991766e+02 
       1.976104416847e-01       7.579185060083e+02 
       2.042187450887e-01       7.188686618875e+02 
       2.110480384941e-01       6.756155434722e+02 
       2.181057354866e-01       6.307161375816e+02 
       2.253995681923e-01       5.879076153653e+02 
       2.329376572142e-01       5.503596514036e+02 
       2.407285931456e-01       5.192503486813e+02 
       2.487815311460e-01       4.933257970648e+02 
       2.571063003887e-01       4.696480338196e+02 
       2.657135306308e-01       4.452304421751e+02 
       2.746147987544e-01       4.187294963299e+02 
       2.838227989179e-01       3.911077260282e+02 
       2.933515410111e-01       3.647346462591e+02 
       3.032165834916e-01       3.415677563106e+02 
       3.134353085260e-01       3.217833759497e+02 
       3.240272498064e-01       3.038458231263e+02 
       3.350144867137e-01       2.859098411146e+02 
       3.464221229684e-01       2.673783842758e+02 
       3.582788740594e-01       2.491978422064e+02 
       3.706177962978e-01       2.326392669832e+02 
       3.834772024295e-01       2.179089213696e+02 
       3.969018260992e-01       2.040851182514e+02 
       4.109443227950e-01       1.903418477145e+02 
       4.256672326083e-01       1.768761476932e+02 
       4.411455873927e-01       1.643549885458e+02 
       4.574704337962e-01       1.528107921588e+02 
       4.747536851082e-01       1.416976162413e+02 
       4.931349462422e-01       1.308579384922e+02 
       5.127913463570e-01       1.205973963986e+02 
       5.339520945298e-01       1.108829480290e+02 
       5.569207090568e-01       1.014441427638e+02 
       5.821102119721e-01       9.234039443815e+01 
       6.101012442259e-01       8.355284113814e+01 
       6.417428900476e-01       7.493451207730e+01 
       6.783380943777e-01       6.646409129180e+01 
       7.220087615281e-01       5.800457106688e+01 
       7.764725489269e-01       4.943142788193e+01 
       8.488268617819e-01       4.055786792752e+01 
       9.537494701958e-01       3.121408911766e+01 
       1.120788003903e+00       2.160618949412e+01 
       1.384282296793e+00       1.323688531041e+01 
       1.740604937631e+00       7.701674020224e+00 
       2.191257082955e+00       4.426106255534e+00 
       2.758629115880e+00       2.521751288523e+00 
       3.472908295650e+00       1.425606862535e+00 
       4.372132506225e+00       8.002580813025e-01 
       5.504188715817e+00       4.463446177855e-01 
       6.929363045653e+00       2.474942164014e-01 
       8.723551225720e+00       1.364989555313e-01 
       1.098230031915e+01       7.491211933001e-02 
