# Matter power spectrum P(k) at redshift z=0.5
# for k=2.09906e-07 to 10.531 h/Mpc,
# number of wavenumbers equal to 139
#    1:k (h/Mpc)              2:P (Mpc/h)^3        
       2.099062464380e-07       5.384182810031e-01 
       2.642563077352e-07       6.746364419846e-01 
       3.326789810347e-07       8.453173763542e-01 
       4.188180231944e-07       1.059180058934e+00 
       5.272606523168e-07       1.327149337794e+00 
       6.637818338408e-07       1.662914013027e+00 
       8.356518185095e-07       2.083626107335e+00 
       1.052023309734e-06       2.610777049058e+00 
       1.324418878423e-06       3.271295525313e+00 
       1.667344581907e-06       4.098923086017e+00 
       2.099062464380e-06       5.135937764624e+00 
       2.642563077352e-06       6.435313758952e+00 
       3.326789810347e-06       8.063427479683e+00 
       4.188180231944e-06       1.010344817692e+01 
       5.272606523168e-06       1.265958628944e+01 
       6.637818338408e-06       1.586241643174e+01 
       8.356518185095e-06       1.987554671910e+01 
       1.052023309734e-05       2.490397468413e+01 
       1.324418878423e-05       3.120455578511e+01 
       1.667344581907e-05       3.909911757090e+01 
       2.099062464380e-05       4.899088603431e+01 
       2.642563077352e-05       6.138505657430e+01 
       3.326789810347e-05       7.691454709769e+01 
       4.188180231944e-05       9.637222244717e+01 
       5.272606523168e-05       1.207511840698e+02 
       6.637818338408e-05       1.512950796758e+02 
       8.356518185095e-05       1.895607990722e+02 
       1.052023309734e-04       2.374963578368e+02 
       1.324418878423e-04       2.975371637351e+02 
       1.667344581907e-04       3.727240654580e+02 
       2.099062464380e-04       4.668463167454e+02 
       2.642563077352e-04       5.846113561558e+02 
       3.326789810347e-04       7.318403647146e+02 
       4.188180231944e-04       9.156831217013e+02 
       5.272606523168e-04       1.144837584204e+03 
       6.637818338408e-04       1.429750415847e+03 
       8.356518185095e-04       1.782765489929e+03 
       1.052023309734e-03       2.218163975854e+03 
       1.324418878423e-03       2.751956541003e+03 
       1.667344581907e-03       3.401165531215e+03 
       2.099062464380e-03       4.182379426035e+03 
       2.642563077352e-03       5.109349507291e+03 
       3.326789810347e-03       6.189297702861e+03 
       4.188180231944e-03       7.417908579093e+03 
       5.272606523168e-03       8.772460689029e+03 
       6.637818338408e-03       1.020354962612e+04 
       8.356518185095e-03       1.162601277317e+04 
       1.052023309734e-02       1.290984604573e+04 
       1.324418878423e-02       1.387498960017e+04 
       1.667344581904e-02       1.429965504715e+04 
       2.099062444040e-02       1.396420976229e+04 
       2.642548348631e-02       1.276211833788e+04 
       3.324832485673e-02       1.087858663671e+04 
       4.125395385942e-02       8.974321945528e+03 
       4.793715180852e-02       7.873290456201e+03 
       5.279629868673e-02       7.315356238134e+03 
       5.681397958397e-02       6.956476374750e+03 
       6.040621706711e-02       6.678736934973e+03 
       6.375930839085e-02       6.432488574599e+03 
       6.697220535784e-02       6.192785011316e+03 
       7.010438945050e-02       5.946476990107e+03 
       7.319500581399e-02       5.687453071346e+03 
       7.627168393549e-02       5.414488566498e+03 
       7.935506298376e-02       5.129993646097e+03 
       8.246131078366e-02       4.839041663985e+03 
       8.560361845659e-02       4.548448268078e+03 
       8.879313384018e-02       4.265840932250e+03 
       9.203956925291e-02       3.998741970393e+03 
       9.535161105790e-02       3.753724314326e+03 
       9.873720361796e-02       3.535703093892e+03 
       1.022037508197e-01       3.347408846162e+03 
       1.057582618257e-01       3.189062533675e+03 
       1.094074580610e-01       3.058259205770e+03 
       1.131578526097e-01       2.950075625070e+03 
       1.170158095698e-01       2.857445022910e+03 
       1.209875886037e-01       2.771867377825e+03 
       1.250793784270e-01       2.684502082960e+03 
       1.292973219859e-01       2.587592242045e+03 
       1.336475354254e-01       2.475998427381e+03 
       1.381361225055e-01       2.348446190115e+03 
       1.427691858418e-01       2.208026159294e+03 
       1.475528361482e-01       2.061626625863e+03 
       1.524932005401e-01       1.918316482801e+03 
       1.575964308779e-01       1.787087583127e+03 
       1.628687130773e-01       1.674597877981e+03 
       1.683162782880e-01       1.583514457642e+03 
       1.739454168168e-01       1.511828847647e+03 
       1.797624956635e-01       1.453311998310e+03 
       1.857739805247e-01       1.399166775169e+03 
       1.919864631205e-01       1.340724338285e+03 
       1.984066946990e-01       1.272508559977e+03 
       2.050416265883e-01       1.194388899204e+03 
       2.118984587015e-01       1.111544240548e+03 
       2.189846969540e-01       1.031974297801e+03 
       2.263082206557e-01       9.627340513056e+02 
       2.338773610881e-01       9.067773431199e+02 
       2.417009926956e-01       8.618466626143e+02 
       2.497886386270e-01       8.218629342593e+02 
       2.581505927886e-01       7.802851687068e+02 
       2.667980611353e-01       7.338205766622e+02 
       2.757433256877e-01       6.841412092562e+02 
       2.849999357658e-01       6.362284255269e+02 
       2.945829322573e-01       5.945201404148e+02 
       3.045091124969e-01       5.597928209146e+02 
       3.147973456763e-01       5.290166511887e+02 
       3.254689518500e-01       4.981616527902e+02 
       3.365481618679e-01       4.656366134770e+02 
       3.480626814252e-01       4.332552046499e+02 
       3.600443905667e-01       4.038390601354e+02 
       3.725302214796e-01       3.781157830746e+02 
       3.855632739010e-01       3.542644886501e+02 
       3.991942515103e-01       3.303892821759e+02 
       4.134833384135e-01       3.067258495235e+02 
       4.285026890072e-01       2.847401896131e+02 
       4.443397885101e-01       2.646909359796e+02 
       4.611020748996e-01       2.454512149222e+02 
       4.789234308520e-01       2.265644338170e+02 
       4.979735208683e-01       2.086855016505e+02 
       5.184715869858e-01       1.918646353261e+02 
       5.407074710289e-01       1.755132100653e+02 
       5.650748128628e-01       1.597245410765e+02 
       5.921257049604e-01       1.445413086354e+02 
       6.226651783299e-01       1.296503341780e+02 
       6.579242407989e-01       1.150439878260e+02 
       6.998989528091e-01       1.004785213019e+02 
       7.520680318528e-01       8.575233259132e+01 
       8.210335689421e-01       7.054612631041e+01 
       9.203947585513e-01       5.456000552029e+01 
       1.077814184804e+00       3.806646395235e+01 
       1.327822115369e+00       2.346889919631e+01 
       1.669081146153e+00       1.367764508147e+01 
       2.101202116963e+00       7.870758865336e+00 
       2.645256574715e+00       4.491559462772e+00 
       3.330180722541e+00       2.543991736016e+00 
       4.192449137474e+00       1.431109392347e+00 
       5.277980756821e+00       8.000785314274e-01 
       6.644584097723e+00       4.447623573793e-01 
       8.365035771426e+00       2.459595295694e-01 
       1.053095610322e+01       1.353689482537e-01 
