# Matter power spectrum P(k) at redshift z=1
# for k=2.04353e-07 to 10.2525 h/Mpc,
# number of wavenumbers equal to 139
#    1:k (h/Mpc)              2:P (Mpc/h)^3        
       2.043530798811e-07       4.127339649286e-01 
       2.572652852408e-07       5.161550838334e-01 
       3.238778051621e-07       6.454910259154e-01 
       4.077379992347e-07       8.072354169816e-01 
       5.133117285906e-07       1.009509027452e+00 
       6.462211792947e-07       1.262467495516e+00 
       8.135442642538e-07       1.578811214446e+00 
       1.024191547888e-06       1.974422985817e+00 
       1.289380766182e-06       2.469165450845e+00 
       1.623234212025e-06       3.087878338567e+00 
       2.043530798811e-06       3.861625592676e+00 
       2.572652852408e-06       4.829254991412e+00 
       3.238778051621e-06       6.039348552079e+00 
       4.077379992347e-06       7.552661625833e+00 
       5.133117285906e-06       9.445173099101e+00 
       6.462211792947e-06       1.181189976687e+01 
       8.135442642538e-06       1.477166622205e+01 
       1.024191547888e-05       1.847306942712e+01 
       1.289380766182e-05       2.310193680135e+01 
       1.623234212025e-05       2.889065099827e+01 
       2.043530798811e-05       3.612980708373e+01 
       2.572652852408e-05       4.518278240794e+01 
       3.238778051621e-05       5.650394093314e+01 
       4.077379992347e-05       7.066136660740e+01 
       5.133117285906e-05       8.836522884688e+01 
       6.462211792947e-05       1.105031285863e+02 
       8.135442642538e-05       1.381840502305e+02 
       1.024191547888e-04       1.727928328593e+02 
       1.289380766182e-04       2.160573217598e+02 
       1.623234212025e-04       2.701304583640e+02 
       2.043530798811e-04       3.376892962246e+02 
       2.572652852408e-04       4.220519053714e+02 
       3.238778051621e-04       5.273107368716e+02 
       4.077379992347e-04       6.584765163367e+02 
       5.133117285906e-04       8.216197359135e+02 
       6.462211792947e-04       1.023988464547e+03 
       8.135442642538e-04       1.274074518547e+03 
       1.024191547888e-03       1.581591988583e+03 
       1.289380766182e-03       1.957290263734e+03 
       1.623234212025e-03       2.412410088687e+03 
       2.043530798811e-03       2.957558859012e+03 
       2.572652852408e-03       3.600952729267e+03 
       3.238778051621e-03       4.345836150153e+03 
       4.077379992347e-03       5.187028989560e+03 
       5.133117285906e-03       6.106546455023e+03 
       6.462211792947e-03       7.068714405603e+03 
       8.135442642538e-03       8.015413227500e+03 
       1.024191547888e-02       8.862357627735e+03 
       1.289380766182e-02       9.498780190433e+03 
       1.623234212016e-02       9.795710966098e+03 
       2.043530760715e-02       9.633464296621e+03 
       2.572629536024e-02       8.961515550250e+03 
       3.236075995752e-02       7.886567150595e+03 
       4.000943849666e-02       6.773408038536e+03 
       4.617846166785e-02       6.084899865606e+03 
       5.071084192364e-02       5.680471058164e+03 
       5.449351491066e-02       5.385635421148e+03 
       5.789243028313e-02       5.139020363984e+03 
       6.107427592091e-02       4.914801850446e+03 
       6.412874790992e-02       4.700524319982e+03 
       6.711026939897e-02       4.490124697759e+03 
       7.005490979887e-02       4.281183332238e+03 
       7.298827068007e-02       4.073588978100e+03 
       7.592956521551e-02       3.868735603619e+03 
       7.889390357705e-02       3.668932872447e+03 
       8.189365591155e-02       3.476910123233e+03 
       8.493930705574e-02       3.295377193299e+03 
       8.804001494407e-02       3.126639514465e+03 
       9.120398796738e-02       2.972279980460e+03 
       9.443874720551e-02       2.832924319112e+03 
       9.775131288684e-02       2.708106716629e+03 
       1.011483394477e-01       2.596251138833e+03 
       1.046362147845e-01       2.494784153992e+03 
       1.082211339694e-01       2.400391697734e+03 
       1.119091543855e-01       2.309421230600e+03 
       1.157062371202e-01       2.218403754495e+03 
       1.196182780807e-01       2.124629445979e+03 
       1.236511313900e-01       2.026664712423e+03 
       1.278106270180e-01       1.924670895788e+03 
       1.321025842036e-01       1.820400694425e+03 
       1.365328219546e-01       1.716817973173e+03 
       1.411071677394e-01       1.617396637786e+03 
       1.458314653702e-01       1.525260163629e+03 
       1.507115830049e-01       1.442384530057e+03 
       1.557534221516e-01       1.369079306672e+03 
       1.609629285285e-01       1.303901122522e+03 
       1.663461056185e-01       1.244060842204e+03 
       1.719090317401e-01       1.186267052957e+03 
       1.776578814540e-01       1.127793722062e+03 
       1.835989521175e-01       1.067407464127e+03 
       1.897386964037e-01       1.005748601273e+03 
       1.960837616175e-01       9.449381291448e+02 
       2.026410366731e-01       8.875454103490e+02 
       2.094177076580e-01       8.353915964373e+02 
       2.164213230044e-01       7.887601418403e+02 
       2.236598694390e-01       7.463875596980e+02 
       2.311418600960e-01       7.062310607976e+02 
       2.388764364818e-01       6.666088961079e+02 
       2.468734863918e-01       6.270612244407e+02 
       2.551437804403e-01       5.883972935257e+02 
       2.636991306018e-01       5.519216973102e+02 
       2.725525751472e-01       5.184217539446e+02 
       2.817185956560e-01       4.876574095608e+02 
       2.912133735040e-01       4.586823311933e+02 
       3.010550955209e-01       4.306650711630e+02 
       3.112643215945e-01       4.034825678585e+02 
       3.218644311804e-01       3.775913089767e+02 
       3.328821714303e-01       3.533908514175e+02 
       3.443483376595e-01       3.307786871846e+02 
       3.562986281939e-01       3.093224280482e+02 
       3.687747318937e-01       2.887521875205e+02 
       3.818257303981e-01       2.691435266745e+02 
       3.955099324822e-01       2.506293201583e+02 
       4.098973116242e-01       2.331213756522e+02 
       4.250728013054e-01       2.164261252748e+02 
       4.411408354332e-01       2.004807118240e+02 
       4.582317387279e-01       1.853012859442e+02 
       4.765109389038e-01       1.708161346017e+02 
       4.961926134804e-01       1.569214970572e+02 
       5.175605479818e-01       1.435702315955e+02 
       5.410011907919e-01       1.306945204377e+02 
       5.670582954658e-01       1.182004697938e+02 
       5.965278433246e-01       1.060001199010e+02 
       6.306328751829e-01       9.397502685528e+01 
       6.713683594338e-01       8.197790275311e+01 
       7.222363683303e-01       6.981137151083e+01 
       7.899371762866e-01       5.721569125081e+01 
       8.883461668218e-01       4.394883998784e+01 
       1.045276256017e+00       3.033442424754e+01 
       1.292159345523e+00       1.854959149118e+01 
       1.624932390935e+00       1.079409158335e+01 
       2.045640068001e+00       6.206714512190e+00 
       2.575308178492e+00       3.538782314953e+00 
       3.242120909070e+00       2.002300298043e+00 
       4.081588400537e+00       1.125115644025e+00 
       5.138415357921e+00       6.282468051505e-01 
       6.468881670440e+00       3.487933767959e-01 
       8.143839520806e+00       1.926293861591e-01 
       1.025248652232e+01       1.058716005590e-01 
