k                         pk_lin                   
1.36218332202e-07         0.766379305841           
1.71488719961e-07         0.955968911763           
2.15891507395e-07         1.19245986066            
2.7179130485e-07          1.48745477159            
3.4216498038e-07          1.85542656026            
4.30760188826e-07         2.31442850315            
5.42294948103e-07         2.88697995973            
6.82708890854e-07         3.60117120772            
8.59479571554e-07         4.49204159647            
1.08202067355e-06         5.60329863273            
1.36218332202e-06         6.98946233985            
1.71488719961e-06         8.71854009615            
2.15891507395e-06         10.8753631842            
2.7179130485e-06          13.5657487474            
3.4216498038e-06          16.9216913458            
4.30760188826e-06         21.1078388179            
5.42294948103e-06         26.3295701628            
6.82708890854e-06         32.8430717581            
8.59479571554e-06         40.9679062682            
1.08202067355e-05         51.102690892             
1.36218332202e-05         63.7446541521            
1.71488719961e-05         79.5135937659            
2.15891507395e-05         99.1830518269            
2.7179130485e-05          123.71753182             
3.4216498038e-05          154.319717652            
4.30760188826e-05         192.488961251            
5.42294948103e-05         240.093903968            
6.82708890854e-05         299.462211958            
8.59479571554e-05         373.491001651            
0.000108202067355         465.781559827            
0.000136218332202         580.801564718            
0.000171488719961         724.07626603             
0.000215891507395         902.405964265            
0.00027179130485          1124.09897533            
0.00034216498038          1399.19553151            
0.000430760188826         1739.63928577            
0.000542294948103         2159.33571094            
0.000682708890854         2674.0322956             
0.000859479571554         3300.94439284            
0.00108202067355          4057.84337192            
0.00136218332202          4961.40568625            
0.00171488719961          6023.89430908            
0.00215891507395          7248.86290201            
0.0027179130485           8625.41583742            
0.0034216498038           10120.6148722            
0.00430760188826          11670.7314212            
0.00542294948103          13172.5143917            
0.00682708890854          14473.1653416            
0.00859479571554          15369.690211             
0.0108202067355           15618.6969922            
0.013621833143            14990.2636347            
0.017148807917            13395.7261915            
0.0215796298296           11085.5169416            
0.0268415305426           8826.05267947            
0.0313648198679           7548.20916829            
0.0346308602774           6944.46311888            
0.0373101467597           6580.07355391            
0.0396957735328           6310.46083982            
0.04191721809             6076.42677684            
0.0440425201119           5848.84532274            
0.0461122674938           5612.12495903            
0.0481530181931           5359.11416263            
0.0501834321751           5088.22669662            
0.0522173960802           4802.26939636            
0.0542657534476           4506.87530958            
0.0563373270959           4209.88131302            
0.0584395554717           3920.12580585            
0.0605789058473           3646.26462996            
0.0627611521361           3395.95389572            
0.0649915671431           3174.97055846            
0.0672750587965           2986.667868              
0.0696162685565           2831.59828216            
0.0720196435823           2707.50879903            
0.0744894902527           2609.342946              
0.07703001416             2529.68746475            
0.0796453501234           2459.30989117            
0.0823395847484           2388.28331195            
0.0851167733878           2307.51122186            
0.0879809529149           2210.4989062             
0.0909361514223           2094.9525852             
0.0939863957633           1963.46438728            
0.0971357177223           1823.23020385            
0.100388159517            1684.08029555            
0.103747779281            1556.2090198             
0.107218657141            1447.51824091            
0.110804902486            1361.67418349            
0.114510663002            1297.34892089            
0.118340136054            1248.333178              
0.122297582972            1205.73516082            
0.126387346814            1159.63904609            
0.130613874156            1102.4598964             
0.134981741497            1032.9612211             
0.139495686867            956.570613532            
0.144160647266            882.076856442            
0.148981802635            817.221569308            
0.153964627142            765.928386109            
0.159114948719            727.108953818            
0.164439017979            694.779856153            
0.169943587912            661.366104213            
0.175636006131            622.394059784            
0.181524321928            578.549002097            
0.18761741105             534.922669009            
0.193925121957            497.209010527            
0.200458448476            467.053665483            
0.207229735258            441.583044302            
0.214252924494            416.351979954            
0.221543855091            388.780315058            
0.229120629288            360.47677187             
0.237004066931            334.640361696            
0.245218275039            312.725656946            
0.253791370868            292.946041626            
0.262756412131            273.041062327            
0.272152610915            252.901806829            
0.282026942507            234.111198585            
0.292436314012            217.227861501            
0.303450542704            201.315477843            
0.315156532684            185.516767594            
0.327664271123            170.439841206            
0.341115669444            156.496086418            
0.355698003636            142.954369               
0.371665080472            129.834178038            
0.389371970927            117.319240818            
0.409334828097            105.059234459            
0.432339943965            93.085147117             
0.459656333456            81.1829096207            
0.493483041736            69.2138864684            
0.537966708271            56.9214032356            
0.601608523612            44.0693463488            
0.701862389626            30.8330361701            
0.862095084809            19.0025162327            
1.08319579533             11.001711128             
1.36361948289             6.28481820951            
1.71669504415             3.5612886021             
2.16119101528             2.00339695389            
2.72077828888             1.119597233              
3.42525692773             0.621939604655           
4.31214298824             0.343586674853           
5.42866638718             0.188854969532           
6.83428606698             0.103324484745           
